local TeleportModule = {}

TeleportModule.mapSpots = {
    ["ScorchingOutpost"] = {
        Far = CFrame.new(190.33946228027, 24.066555023193, 166.92999267578, -0.99945050477982, 0, -0.033147018402815, 0, 1, 0, 0.033147018402815, 0, -0.99945050477982),
        Sky = CFrame.new(-193.38592529297, 230.90721130371, 9.5752229690552, -0.9747987985611, 0, 0.22308620810509, 0, 1, 0, -0.22308623790741, 0, -0.97479867935181)
    },
    ["Cemetery"] = {
        Sky = CFrame.new(144.40562438965, 586.01110839844, -741.04858398438, 0.3925204873085, 0, -0.91974323987961, 0, 1, 0, 0.9197433590889, 0, 0.39252042770386)
    },
    ["FazbearPizzeria"] = {
        Sky = CFrame.new(693.72265625, 173.22135925293, -787.66674804688, -0.99965363740921, 0, -0.026316929608583, 0, 1.0000001192093, 0, 0.026316925883293, 0, -0.9996537566185)
    },
    ["WildWest"] = {
        Far = CFrame.new(448.48489379883, 159.03131103516, -603.22369384766, -0.54366767406464, 0, 0.83930063247681, 0, 1.0000001192093, 0, -0.83930063247681, 0, -0.54366767406464),
        Sky = CFrame.new(243.30703735352, 470, -221.45822143555, -0.58240008354187, 0, -0.81290233135223, 0, 1, 0, 0.81290233135223, 0, -0.58240008354187)
    },
    ["Alleyways"] = {
        Far = CFrame.new(-77.573127746582, 2.1999979019165, -373.64599609375, 0.10391875356436, 0, 0.99458587169647, 0, 1.0000001192093, 0, -0.99458587169647, 0, 0.10391875356436),
        Sky = CFrame.new(-30.088497161865, 358.56259155273, -507.94018554688, -0.90570318698883, 0, -0.42391243577003, 0, 1, 0, 0.42391243577003, 0, -0.90570318698883)
    },
    ["Garden"] = {
        Far = CFrame.new(176.17625427246, 312.40661621094, -136.27833557129, 0.99967563152313, 0, 0.025470249354839, 0, 1.0000001192093, 0, -0.025470249354839, 0, 0.99967563152313),
        Sky = CFrame.new(-220.58746337891, 356.55731201172, -893.89514160156, -0.083438411355019, 0, 0.99651288986206, 0, 1, 0, -0.99651300907135, 0, -0.083438403904438)
    },
    ["ElysiumMoonbase"] = {
        Sky = CFrame.new(596.91625976562, 376.93334960938, -204.72364807129, -0.99957424402237, 0, 0.02917836047709, 0, 1, 0, -0.02917836047709, 0, -0.99957424402237)
    },
    ["ElysiumLaboratorySmall"] = {
        Far = CFrame.new(2311.1716308594, 157.17900085449, -577.53289794922, 0.92860352993011, 0, -0.37107363343239, 0, 1, 0, 0.37107366323471, 0, 0.92860341072083),
        Sky = CFrame.new(703.69525146484, 539.68359375, -486.31341552734, -0.21013517677784, 0, -0.97767233848572, 0, 1, 0, 0.97767233848572, 0, -0.21013517677784)
    },
    ["Mayday"] = {
        Far = CFrame.new(-872.90283203125, 452.72296142578, 2229.4350585938, 0.63134407997131, 0, -0.77550286054611, 0, 1.0000001192093, 0, 0.7755029797554, 0, 0.63134402036667),
        Sky = CFrame.new(-1168.3823242188, 1015.3605957031, 505.78137207031, -0.7014719247818, 0, 0.71269708871841, 0, 1, 0, -0.71269708871841, 0, -0.7014719247818)
    },
    ["Vibrance"] = {
        Sky = CFrame.new(-158.91136169434, 56.789089202881, 11.937207221985, 0.090545438230038, 0, 0.99589240550995, 0, 1.0000001192093, 0, -0.99589240550995, 0, 0.090545438230038)
    },
    ["Loop"] = {
        Sky = CFrame.new(268.92401123047, -222.88034057617, -269.98858642578, 0.14490972459316, 0, 0.98944497108459, 0, 1.0000001192093, 0, -0.98944497108459, 0, 0.14490972459316)
    },
    ["Rooftops"] = {
        Far = CFrame.new(421.00009155273, 85.829956054688, -517.22698974609, -0.071310326457024, 0, -0.99745416641235, 0, 1, 0, 0.99745416641235, 0, -0.071310326457024),
        Sky = CFrame.new(-197.80046081543, 418.22998046875, 151.57760620117, -0.50180470943451, 0, 0.86498093605042, 0, 1, 0, -0.86498093605042, 0, -0.50180470943451)
    },
    ["WinterCity"] = {
        Sky = CFrame.new(-374.85418701172, 314.08584594727, 2383.1567382812, 0.98011839389801, 0, 0.19841358065605, 0, 1, 0, -0.19841358065605, 0, 0.98011839389801)
    },
    ["Citadel"] = {
        Sky = CFrame.new(-308.06390380859, 294.70919799805, 147.33940124512, 0.35386428236961, 0, -0.93529677391052, 0, 1, 0, 0.93529677391052, 0, 0.35386428236961)
    },
    ["Bedroom"] = {
        Far = CFrame.new(-420.06256103516, -110.52312469482, 1277.3383789062, -0.83814424276352, 0, 0.54544872045517, 0, 1.0000001192093, 0, -0.54544872045517, 0, -0.83814424276352),
        Sky = CFrame.new(51.959468841553, 169.66900634766, -420.84814453125, -0.88353157043457, 0, -0.46837171912193, 0, 1.0000001192093, 0, 0.46837171912193, 0, -0.88353157043457)
    },
    ["SpringBus"] = {
        Far = CFrame.new(-1059.6097412109, -82.783355712891, -1141.0548095703, 0.89573973417282, 0, 0.44457876682281, 0, 1, 0, -0.44457876682281, 0, 0.89573973417282),
        Sky = CFrame.new(-249.63330078125, 131.61883544922, 64.206527709961, -0.2339975386858, 0, -0.97223716974258, 0, 1, 0, 0.97223728895187, 0, -0.23399750888348)
    },
    ["DrabSmall"] = {
        Far = CFrame.new(195.53948974609, -50.778125762939, 30.218456268311, 0.1072194725275, 0, -0.99423539638519, 0, 1.0000001192093, 0, 0.99423539638519, 0, 0.1072194725275),
        Sky = CFrame.new(409.12286376953, 243.63433837891, 67.841484069824, -0.96993798017502, 0, 0.24335253238678, 0, 1, 0, -0.2433525621891, 0, -0.96993786096573)
    },
    ["Library"] = {
        Far = CFrame.new(-594.52978515625, 635, 2538.6401367188, 0.99327081441879, 0, -0.11581541597843, 0, 1, 0, 0.11581543087959, 0, 0.9932706952095),
        Sky = CFrame.new(2085.6704101562, 301, 362.07171630859, 0.99328643083572, 0, -0.11568109691143, 0, 1, 0, 0.11568109691143, 0, 0.99328643083572)
    },
    ["Maze"] = {
        Sky = CFrame.new(167.14524841309, -109.49987792969, 108.21081542969, 0.5241631269455, 0, -0.851617872715, 0, 1, 0, 0.851617872715, 0, 0.5241631269455)
    },
    ["Poolrooms"] = {
        Far = CFrame.new(4.4042015075684, 115.50001525879, -1755.6212158203, -0.08039452880621, 0, 0.99676311016083, 0, 1, 0, -0.99676311016083, 0, -0.08039452880621),
    },
    ["TrainTerminal"] = {
        Sky = CFrame.new(1086.5090332031, -31.635894775391, -110.64222717285, 0.62908381223679, 0, 0.7773374915123, 0, 1, 0, -0.7773374915123, 0, 0.62908381223679)
    },
    ["Escalera"] = {
        Far = CFrame.new(501.23611450195, 302, 997.81091308594, -0.048381451517344, 0, 0.99882900714874, 0, 1.0000001192093, 0, -0.99882900714874, 0, -0.048381451517344),
        Sky = CFrame.new(463.13320922852, 362.07290649414, 672.6083984375, 0.98389422893524, 0, -0.17875181138515, 0, 1.0000001192093, 0, 0.17875181138515, 0, 0.98389422893524)
    },
    ["Shire"] = {
        Far = CFrame.new(290.04873657227, -4.2532711029053, 736.25756835938, 0.98578280210495, 0, 0.16802470386028, 0, 1, 0, -0.16802470386028, 0, 0.98578280210495),
        Sky = CFrame.new(728.41473388672, 1032.2807617188, -62.009338378906, 0.99532115459442, 0, 0.096622809767723, 0, 1, 0, -0.096622824668884, 0, 0.99532103538513)
    },
    ["Hanami"] = {
        Far = CFrame.new(678.47930908203, -16.664270401001, 1216.9453125, -0.047137934714556, 0, 0.99888837337494, 0, 1, 0, -0.99888837337494, 0, -0.047137934714556),
        Sky = CFrame.new(580.50091552734, 401.96600341797, 358.22207641602, -0.95618206262589, 0, -0.29277297854424, 0, 1.0000001192093, 0, 0.29277300834656, 0, -0.9561819434166)
    },
    ["LakesideCabin"] = {
        Far = CFrame.new(1066.7591552734, 176.28025817871, 72.896774291992, -0.91541081666946, 0, 0.40252092480659, 0, 1.0000001192093, 0, -0.40252092480659, 0, -0.91541081666946),
        Sky = CFrame.new(431.37017822266, 680.8525390625, -156.03775024414, -0.66609108448029, 0, 0.74587047100067, 0, 1, 0, -0.74587041139603, 0, -0.66609114408493)
    },
     
	["DesertBus"] = {
        Far = CFrame.new(1308.4055175781, -82.783325195312, -1152.8459472656, -0.24895291030407, 0, 0.96851563453674, 0, 1.0000001192093, 0, -0.96851563453674, 0, -0.24895291030407),
        Sky = CFrame.new(-282.30731201172, 53.218711853027, 24.15087890625, 0.13510014116764, 0, 0.99083197116852, 0, 1, 0, -0.99083197116852, 0, 0.13510014116764)
    },
}

-- ==================== FUNGSI ====================

function TeleportModule.GetCurrentMap()
    local gameFolder = workspace:FindFirstChild("Game")
    if gameFolder then
        local mapFolder = gameFolder:FindFirstChild("Map")
        if mapFolder then
            local mapName = mapFolder:GetAttribute("MapName")
            if mapName and mapName ~= "" then
                return mapName
            end
        end
    end
    return "Unknown"
end

function TeleportModule.HasMapData(mapName)
    return TeleportModule.mapSpots[mapName] ~= nil  -- <-- SEKARANG BENAR
end

function TeleportModule.GetMapSpot(mapName, spotType)
    if not TeleportModule.mapSpots[mapName] then return nil end
    return TeleportModule.mapSpots[mapName][spotType]
end

function TeleportModule.GetAllMapNames()
    local names = {}
    for name, _ in pairs(TeleportModule.mapSpots) do
        table.insert(names, name)
    end
    table.sort(names)
    return names
end

function TeleportModule.GetMapCount()
    local count = 0
    for _ in pairs(TeleportModule.mapSpots) do
        count = count + 1
    end
    return count
end

function TeleportModule.GetLastUpdate()
    return "22 Feb 2026"
end

return TeleportModule
