local TeleportModule = {}

TeleportModule.mapSpots = {
    ["Ikea"] = {
        Far = CFrame.new(-49.144119262695, 26.8795337677, -0.30754590034485, 0.23305380344391, 0, -0.97246390581131, 0, 1.0000001192093, 0, 0.97246390581131, 0, 0.23305380344391),
        Sky = CFrame.new(-124.6033706665, 85.274467468262, 141.25811767578, 0.73922038078308, 0, -0.67346358299255, 0, 1, 0, 0.67346358299255, 0, 0.73922038078308)
    },
    ["FacadeSmall"] = {
        Far = CFrame.new(-286.89572143555, 1.1175231933594, 304.07153320312, 0.81606632471085, 0, -0.57795822620392, 0, 1, 0, 0.57795822620392, 0, 0.81606632471085),
        Sky = CFrame.new(-57.187808990479, 360.11752319336, 243.33081054688, 0.096653714776039, 0, 0.99531805515289, 0, 1, 0, -0.99531805515289, 0, 0.096653714776039)
    },
    ["Neighborhood"] = {
        Far = CFrame.new(-361.81359863281, 89.364204406738, 293.85144042969, -0.86004841327667, 0, -0.51021242141724, 0, 1, 0, 0.51021242141724, 0, -0.86004841327667),
        Sky = CFrame.new(-690.82049560547, 273.52459716797, -51.563877105713, 0.81811398267746, 0, -0.57505613565445, 0, 1, 0, 0.57505613565445, 0, 0.81811398267746)
    },
    ["UndergroundFacility"] = {
        Far = CFrame.new(-54.002254486084, 145.125, -209.72314453125, 0.0064745284616947, 0, -0.99997907876968, 0, 1.0000001192093, 0, 0.99997907876968, 0, 0.0064745284616947),
        Sky = CFrame.new(-156.19241333008, 283.875, 12.230484962463, 0.0065416325815022, 0, 0.99997860193253, 0, 1, 0, -0.99997860193253, 0, 0.0065416325815022)
    },
    ["Abstract"] = {
        Far = CFrame.new(423.7053527832, -124.97537231445, 25.49321937561, 0.05479122325778, 0, -0.99849784374237, 0, 1, 0, 0.99849784374237, 0, 0.05479122325778),
        Sky = CFrame.new(388.70864868164, 39.424057006836, 217.76768493652, 0.99882686138153, 0, -0.048425927758217, 0, 1, 0, 0.048425935208797, 0, 0.99882674217224)
    },
    ["Industry"] = {
        Far = CFrame.new(-280.05627441406, 24.125, 179.5397644043, -0.75663417577744, 0, -0.65383851528168, 0, 1, 0, 0.65383857488632, 0, -0.75663405656815),
        Sky = CFrame.new(-3.5426025390625, 77.324996948242, 205.18963623047, 0.5855433344841, 0, -0.81064110994339, 0, 1, 0, 0.81064110994339, 0, 0.5855433344841)
    },
    ["Office"] = {
        Far = CFrame.new(-340.89462280273, 85.920837402344, -124.32440948486, -0.42500841617584, 0, -0.90518939495087, 0, 1.0000001192093, 0, 0.90518951416016, 0, -0.4250083565712),
        Sky = CFrame.new(638.80285644531, 463.92248535156, -197.3154296875, -0.91708713769913, 0, 0.39868697524071, 0, 1, 0, -0.39868703484535, 0, -0.91708701848984)
    },
    ["IndoorWaterPark"] = {
        Far = CFrame.new(770.89422607422, 307.07623291016, 701.08129882812, -0.015869978815317, 0, 0.99987411499023, 0, 1.0000001192093, 0, -0.99987411499023, 0, -0.015869978815317),
        Sky = CFrame.new(-525.31585693359, 518.80871582031, 1162.0760498047, 0.82371252775192, 0, 0.56700778007507, 0, 1.0000001192093, 0, -0.56700778007507, 0, 0.82371252775192)
    },
    ["WaterPark"] = {
        Far = CFrame.new(102.52704620361, 26.23025894165, 389.58258056641, 0.45423325896263, 0, 0.89088279008865, 0, 1.0000001192093, 0, -0.89088290929794, 0, 0.45423319935799),
        Sky = CFrame.new(401.41143798828, 311.0104675293, -865.47229003906, -0.33793389797211, 0, 0.94116991758347, 0, 1.0000001192093, 0, -0.94116991758347, 0, -0.33793389797211)
    },
    ["IndoorCourtyard"] = {
        Far = CFrame.new(168.44512939453, 18.649520874023, -173.4928894043, -0.022253312170506, 0, 0.9997524023056, 0, 1.0000001192093, 0, -0.9997524023056, 0, -0.022253312170506),
        Sky = CFrame.new(32.234169006348, 158.75009155273, -286.80743408203, 0.99980688095093, 0, -0.019651833921671, 0, 1, 0, 0.019651833921671, 0, 0.99980688095093)
    },
    ["ScorchingOutpost"] = {
        Far = CFrame.new(190.33946228027, 24.066555023193, 166.92999267578, -0.99945050477982, 0, -0.033147018402815, 0, 1, 0, 0.033147018402815, 0, -0.99945050477982),
        Sky = CFrame.new(-193.38592529297, 230.90721130371, 9.5752229690552, -0.9747987985611, 0, 0.22308620810509, 0, 1, 0, -0.22308623790741, 0, -0.97479867935181)
    },
    ["Cemetery"] = {
        Sky = CFrame.new(144.40562438965, 586.01110839844, -741.04858398438, 0.3925204873085, 0, -0.91974323987961, 0, 1, 0, 0.9197433590889, 0, 0.39252042770386)
    },
    ["FazbearPizzeria"] = {
        Sky = CFrame.new(693.72265625, 173.22135925293, -787.66674804688, -0.99965363740921, 0, -0.026316929608583, 0, 1.0000001192093, 0, 0.026316925883293, 0, -0.9996537566185)
    },
    ["WildWest"] = {
        Far = CFrame.new(448.48489379883, 159.03131103516, -603.22369384766, -0.54366767406464, 0, 0.83930063247681, 0, 1.0000001192093, 0, -0.83930063247681, 0, -0.54366767406464),
        Sky = CFrame.new(243.30703735352, 470, -221.45822143555, -0.58240008354187, 0, -0.81290233135223, 0, 1, 0, 0.81290233135223, 0, -0.58240008354187)
    },
    ["Alleyways"] = {
        Far = CFrame.new(-77.573127746582, 2.1999979019165, -373.64599609375, 0.10391875356436, 0, 0.99458587169647, 0, 1.0000001192093, 0, -0.99458587169647, 0, 0.10391875356436),
        Sky = CFrame.new(-30.088497161865, 358.56259155273, -507.94018554688, -0.90570318698883, 0, -0.42391243577003, 0, 1, 0, 0.42391243577003, 0, -0.90570318698883)
    },
    ["Garden"] = {
        Far = CFrame.new(176.17625427246, 312.40661621094, -136.27833557129, 0.99967563152313, 0, 0.025470249354839, 0, 1.0000001192093, 0, -0.025470249354839, 0, 0.99967563152313),
        Sky = CFrame.new(-220.58746337891, 356.55731201172, -893.89514160156, -0.083438411355019, 0, 0.99651288986206, 0, 1, 0, -0.99651300907135, 0, -0.083438403904438)
    },
    ["ElysiumMoonbase"] = {
        Sky = CFrame.new(596.91625976562, 376.93334960938, -204.72364807129, -0.99957424402237, 0, 0.02917836047709, 0, 1, 0, -0.02917836047709, 0, -0.99957424402237)
    },
    ["ElysiumLaboratorySmall"] = {
        Far = CFrame.new(2311.1716308594, 157.17900085449, -577.53289794922, 0.92860352993011, 0, -0.37107363343239, 0, 1, 0, 0.37107366323471, 0, 0.92860341072083),
        Sky = CFrame.new(703.69525146484, 539.68359375, -486.31341552734, -0.21013517677784, 0, -0.97767233848572, 0, 1, 0, 0.97767233848572, 0, -0.21013517677784)
    },
    ["Mayday"] = {
        Far = CFrame.new(-872.90283203125, 452.72296142578, 2229.4350585938, 0.63134407997131, 0, -0.77550286054611, 0, 1.0000001192093, 0, 0.7755029797554, 0, 0.63134402036667),
        Sky = CFrame.new(-1168.3823242188, 1015.3605957031, 505.78137207031, -0.7014719247818, 0, 0.71269708871841, 0, 1, 0, -0.71269708871841, 0, -0.7014719247818)
    },
    ["Vibrance"] = {
        Sky = CFrame.new(-158.91136169434, 56.789089202881, 11.937207221985, 0.090545438230038, 0, 0.99589240550995, 0, 1.0000001192093, 0, -0.99589240550995, 0, 0.090545438230038)
    },
    ["Loop"] = {
        Sky = CFrame.new(268.92401123047, -222.88034057617, -269.98858642578, 0.14490972459316, 0, 0.98944497108459, 0, 1.0000001192093, 0, -0.98944497108459, 0, 0.14490972459316)
    },
    ["Rooftops"] = {
        Far = CFrame.new(421.00009155273, 85.829956054688, -517.22698974609, -0.071310326457024, 0, -0.99745416641235, 0, 1, 0, 0.99745416641235, 0, -0.071310326457024),
        Sky = CFrame.new(-197.80046081543, 418.22998046875, 151.57760620117, -0.50180470943451, 0, 0.86498093605042, 0, 1, 0, -0.86498093605042, 0, -0.50180470943451)
    },
    ["WinterCity"] = {
        Sky = CFrame.new(-374.85418701172, 314.08584594727, 2383.1567382812, 0.98011839389801, 0, 0.19841358065605, 0, 1, 0, -0.19841358065605, 0, 0.98011839389801)
    },
    ["Citadel"] = {
        Sky = CFrame.new(-308.06390380859, 294.70919799805, 147.33940124512, 0.35386428236961, 0, -0.93529677391052, 0, 1, 0, 0.93529677391052, 0, 0.35386428236961)
    },
    ["Bedroom"] = {
        Far = CFrame.new(-420.06256103516, -110.52312469482, 1277.3383789062, -0.83814424276352, 0, 0.54544872045517, 0, 1.0000001192093, 0, -0.54544872045517, 0, -0.83814424276352),
        Sky = CFrame.new(51.959468841553, 169.66900634766, -420.84814453125, -0.88353157043457, 0, -0.46837171912193, 0, 1.0000001192093, 0, 0.46837171912193, 0, -0.88353157043457)
    },
    ["SpringBus"] = {
        Far = CFrame.new(-1059.6097412109, -82.783355712891, -1141.0548095703, 0.89573973417282, 0, 0.44457876682281, 0, 1, 0, -0.44457876682281, 0, 0.89573973417282),
        Sky = CFrame.new(-249.63330078125, 131.61883544922, 64.206527709961, -0.2339975386858, 0, -0.97223716974258, 0, 1, 0, 0.97223728895187, 0, -0.23399750888348)
    },
    ["DrabSmall"] = {
        Far = CFrame.new(195.53948974609, -50.778125762939, 30.218456268311, 0.1072194725275, 0, -0.99423539638519, 0, 1.0000001192093, 0, 0.99423539638519, 0, 0.1072194725275),
        Sky = CFrame.new(409.12286376953, 243.63433837891, 67.841484069824, -0.96993798017502, 0, 0.24335253238678, 0, 1, 0, -0.2433525621891, 0, -0.96993786096573)
    },
    ["Library"] = {
        Far = CFrame.new(-594.52978515625, 635, 2538.6401367188, 0.99327081441879, 0, -0.11581541597843, 0, 1, 0, 0.11581543087959, 0, 0.9932706952095),
        Sky = CFrame.new(2085.6704101562, 301, 362.07171630859, 0.99328643083572, 0, -0.11568109691143, 0, 1, 0, 0.11568109691143, 0, 0.99328643083572)
    },
    ["Maze"] = {
        Sky = CFrame.new(167.14524841309, -109.49987792969, 108.21081542969, 0.5241631269455, 0, -0.851617872715, 0, 1, 0, 0.851617872715, 0, 0.5241631269455)
    },
    ["Poolrooms"] = {
        Far = CFrame.new(4.4042015075684, 115.50001525879, -1755.6212158203, -0.08039452880621, 0, 0.99676311016083, 0, 1, 0, -0.99676311016083, 0, -0.08039452880621),
    },
    ["TrainTerminal"] = {
        Sky = CFrame.new(1086.5090332031, -31.635894775391, -110.64222717285, 0.62908381223679, 0, 0.7773374915123, 0, 1, 0, -0.7773374915123, 0, 0.62908381223679)
    },
    ["Escalera"] = {
        Far = CFrame.new(501.23611450195, 302, 997.81091308594, -0.048381451517344, 0, 0.99882900714874, 0, 1.0000001192093, 0, -0.99882900714874, 0, -0.048381451517344),
        Sky = CFrame.new(463.13320922852, 362.07290649414, 672.6083984375, 0.98389422893524, 0, -0.17875181138515, 0, 1.0000001192093, 0, 0.17875181138515, 0, 0.98389422893524)
    },
    ["Shire"] = {
        Far = CFrame.new(290.04873657227, -4.2532711029053, 736.25756835938, 0.98578280210495, 0, 0.16802470386028, 0, 1, 0, -0.16802470386028, 0, 0.98578280210495),
        Sky = CFrame.new(728.41473388672, 1032.2807617188, -62.009338378906, 0.99532115459442, 0, 0.096622809767723, 0, 1, 0, -0.096622824668884, 0, 0.99532103538513)
    },
    ["Hanami"] = {
        Far = CFrame.new(678.47930908203, -16.664270401001, 1216.9453125, -0.047137934714556, 0, 0.99888837337494, 0, 1, 0, -0.99888837337494, 0, -0.047137934714556),
        Sky = CFrame.new(580.50091552734, 401.96600341797, 358.22207641602, -0.95618206262589, 0, -0.29277297854424, 0, 1.0000001192093, 0, 0.29277300834656, 0, -0.9561819434166)
    },
    ["LakesideCabin"] = {
        Far = CFrame.new(1066.7591552734, 176.28025817871, 72.896774291992, -0.91541081666946, 0, 0.40252092480659, 0, 1.0000001192093, 0, -0.40252092480659, 0, -0.91541081666946),
        Sky = CFrame.new(431.37017822266, 680.8525390625, -156.03775024414, -0.66609108448029, 0, 0.74587047100067, 0, 1, 0, -0.74587041139603, 0, -0.66609114408493)
    },
     
	["DesertBus"] = {
        Far = CFrame.new(1308.4055175781, -82.783325195312, -1152.8459472656, -0.24895291030407, 0, 0.96851563453674, 0, 1.0000001192093, 0, -0.96851563453674, 0, -0.24895291030407),
        Sky = CFrame.new(-282.30731201172, 53.218711853027, 24.15087890625, 0.13510014116764, 0, 0.99083197116852, 0, 1, 0, -0.99083197116852, 0, 0.13510014116764)
    },
}

-- ==================== FUNGSI ====================

function TeleportModule.GetCurrentMap()
    local gameFolder = workspace:FindFirstChild("Game")
    if gameFolder then
        local mapFolder = gameFolder:FindFirstChild("Map")
        if mapFolder then
            local mapName = mapFolder:GetAttribute("MapName")
            if mapName and mapName ~= "" then
                return mapName
            end
        end
    end
    return "Unknown"
end

function TeleportModule.HasMapData(mapName)
    return TeleportModule.mapSpots[mapName] ~= nil
end

function TeleportModule.GetMapSpot(mapName, spotType)
    if not TeleportModule.mapSpots[mapName] then return nil end
    return TeleportModule.mapSpots[mapName][spotType]
end

function TeleportModule.GetAllMapNames()
    local names = {}
    for name, _ in pairs(TeleportModule.mapSpots) do
        table.insert(names, name)
    end
    table.sort(names)
    return names
end

function TeleportModule.GetMapCount()
    local count = 0
    for _ in pairs(TeleportModule.mapSpots) do
        count = count + 1
    end
    return count
end

function TeleportModule.GetLastUpdate()
    return "22 Feb 2026"
end

return TeleportModule
